{"model_encoding": {"Steam_Flow": {"attr": {"x_data_columns": ["Bypass_Fraction", "NG_Steam_Ratio"], "x_data": [[0.363768116, 0.926315789], [0.789855072, 0.821052632], [0.363768116, 0.957894737], [0.191304348, 0.926315789], [0.485507246, 0.821052632], [0.18115942, 0.957894737], [0.779710145, 1.147368421], [0.576811594, 0.978947368], [0.637681159, 0.831578947], [0.749275362, 1.052631579], [0.536231884, 1.189473684], [0.688405797, 0.831578947], [0.779710145, 0.842105263], [0.536231884, 0.915789474], [0.160869565, 1.126315789], [0.526086957, 0.947368421], [0.14057971, 1.0], [0.171014493, 0.884210526], [0.789855072, 1.0], [0.363768116, 1.105263158], [0.333333333, 0.810526316], [0.515942029, 1.084210526], [0.607246377, 0.915789474], [0.384057971, 0.905263158], [0.18115942, 1.063157895], [0.779710145, 0.873684211], [0.647826087, 0.894736842], [0.404347826, 1.147368421], [0.444927536, 0.894736842], [0.373913043, 0.8], [0.211594203, 0.810526316], [0.739130435, 0.915789474], [0.688405797, 1.094736842], [0.576811594, 1.115789474], [0.637681159, 1.094736842], [0.536231884, 1.073684211], [0.414492754, 1.031578947], [0.130434783, 1.042105263], [0.302898551, 0.978947368], [0.272463768, 1.189473684], [0.120289855, 0.989473684], [0.110144928, 1.031578947], [0.546376812, 1.189473684], [0.444927536, 1.2], [0.242028986, 0.905263158], [0.191304348, 0.884210526], [0.302898551, 0.905263158], [0.282608696, 1.105263158], [0.465217391, 0.852631579], [0.657971014, 1.105263158], [0.607246377, 1.0], [0.739130435, 0.831578947], [0.18115942, 1.084210526], [0.668115942, 0.884210526], [0.698550725, 0.852631579], [0.252173913, 1.136842105], [0.505797101, 1.178947368], [0.130434783, 1.136842105], [0.22173913, 1.178947368], [0.698550725, 0.905263158], [0.394202899, 1.168421053], [0.607246377, 0.842105263], [0.282608696, 0.936842105], [0.242028986, 1.010526316], [0.708695652, 0.842105263], [0.282608696, 0.957894737], [0.749275362, 0.968421053], [0.333333333, 1.021052632], [0.708695652, 0.957894737], [0.75942029, 0.968421053], [0.252173913, 0.894736842], [0.688405797, 0.926315789], [0.14057971, 1.168421053], [0.485507246, 1.115789474], [0.688405797, 0.810526316], [0.110144928, 1.010526316], [0.647826087, 1.073684211], [0.110144928, 1.2], [0.586956522, 1.115789474], [0.556521739, 1.052631579]], "x_data_min": [[0.110144928, 0.8]], "x_data_max": [[0.789855072, 1.2]], "x_data_scaled": [[0.37313432827037507, 0.31578947249999995], [1.0, 0.052631579999999914], [0.37313432827037507, 0.39473684250000013], [0.11940298481112561, 0.31578947249999995], [0.5522388054870635, 0.052631579999999914], [0.1044776109741272, 0.39473684250000013], [0.9850746276342169, 0.8684210524999999], [0.6865671641351876, 0.4473684200000001], [0.7761194027435317, 0.07894736749999993], [0.9402985075944371, 0.6315789475000001], [0.6268656717296247, 0.97368421], [0.850746268986093, 0.07894736749999993], [0.9850746276342169, 0.1052631574999999], [0.6268656717296247, 0.2894736849999999], [0.07462686477134581, 0.8157894725], [0.6119402993638416, 0.36842105249999985], [0.044776118568564414, 0.5], [0.08955223860834417, 0.21052631500000007], [1.0, 0.5], [0.37313432827037507, 0.7631578950000003], [0.3283582082305954, 0.026315789999999957], [0.5970149255268433, 0.7105263149999997], [0.7313432841749673, 0.2894736849999999], [0.4029850744731565, 0.263157895], [0.1044776109741272, 0.6578947375], [0.9850746276342169, 0.18421052750000003], [0.7910447765805302, 0.23684210500000002], [0.43283582067593795, 0.8684210524999999], [0.49253731308150084, 0.23684210500000002], [0.38805970063615813, 0.0], [0.14925373101390702, 0.026315789999999957], [0.925373135228654, 0.2894736849999999], [0.850746268986093, 0.7368421050000002], [0.6865671641351876, 0.7894736850000003], [0.7761194027435317, 0.7368421050000002], [0.6268656717296247, 0.6842105275], [0.44776119451293633, 0.5789473675000002], [0.029850746202781393, 0.6052631575000001], [0.28358208966203097, 0.4473684200000001], [0.23880596962225117, 0.97368421], [0.01492537236578302, 0.47368421000000005], [0.0, 0.5789473675000002], [0.6417910455666231, 0.97368421], [0.49253731308150084, 1.0], [0.19402985105368678, 0.263157895], [0.11940298481112561, 0.21052631500000007], [0.28358208966203097, 0.263157895], [0.2537313434592495, 0.7631578950000003], [0.5223880592842821, 0.13157894749999985], [0.8059701489463131, 0.7631578950000003], [0.7313432841749673, 0.5], [0.925373135228654, 0.07894736749999993], [0.1044776109741272, 0.7105263149999997], [0.8208955227833116, 0.21052631500000007], [0.8656716428230914, 0.13157894749999985], [0.20895522341946982, 0.8421052625], [0.582089551689845, 0.9473684200000001], [0.029850746202781393, 0.8421052625], [0.16417910337969002, 0.9473684200000001], [0.8656716428230914, 0.263157895], [0.4179104483101549, 0.9210526325000004], [0.7313432841749673, 0.1052631574999999], [0.2537313434592495, 0.3421052624999999], [0.19402985105368678, 0.52631579], [0.8805970151888742, 0.1052631574999999], [0.2537313434592495, 0.39473684250000013], [0.9402985075944371, 0.4210526325000001], [0.3283582082305954, 0.5526315799999999], [0.8805970151888742, 0.39473684250000013], [0.9552238814314356, 0.4210526325000001], [0.20895522341946982, 0.23684210500000002], [0.850746268986093, 0.31578947249999995], [0.044776118568564414, 0.9210526325000004], [0.5522388054870635, 0.7894736850000003], [0.850746268986093, 0.026315789999999957], [0.0, 0.52631579], [0.7910447765805302, 0.6842105275], [0.0, 1.0], [0.701492537972186, 0.7894736850000003], [0.6567164179324062, 0.6315789475000001]], "optimal_weights": [1.3387532178668002, 0.216077375592575], "optimal_p": 2, "optimal_mean": [[0.7135781060290148]], "optimal_variance": [[0.04177801587354981]], "regularization_parameter": 1e-06, "optimal_covariance_matrix": [[1.000001, 0.5821419066990297, 0.9986541637514551, 0.9174213823767984, 0.9437359305432933, 0.9066732267894504, 0.5670461686355017, 0.8734885489966285, 0.7949070016114278, 0.6362322559055564, 0.8355106496972872, 0.7279609162550453, 0.5999547765428568, 0.9172841115014876, 0.8408758658177512, 0.9259404442142919, 0.8592671095478935, 0.8957847416915156, 0.5866015420096519, 0.9576763445676382, 0.9794243537511678, 0.9041407321099965, 0.842038149108486, 0.9982101325935507, 0.885223375033956, 0.6034662799390518, 0.790445281735374, 0.9316835455043555, 0.979773903471955, 0.9783907862058562, 0.9183213511928164, 0.6646955733017915, 0.709145481170908, 0.8352685052275206, 0.7743612267589961, 0.8909050240753507, 0.9778299001075318, 0.8387272378861471, 0.9856270693739501, 0.8889801229639606, 0.8376396435503874, 0.817620175959785, 0.8268349131051653, 0.8867057934381, 0.9573907804027181, 0.9152275110685019, 0.9887291749050229, 0.9395707987387732, 0.9635265483963581, 0.7452343113476739, 0.836011771214353, 0.656785910122218, 0.8778364340749543, 0.7627683037152041, 0.7174123973209909, 0.9085175941060235, 0.8653298161041011, 0.8044320719418728, 0.8653298153918362, 0.7222595479651756, 0.9214169708822522, 0.8341373878923495, 0.9809474975738153, 0.9488335258213849, 0.7016431099959961, 0.9797739033883865, 0.6485358944494035, 0.9853042999057584, 0.7074415266466034, 0.6338128125881828, 0.963259397944873, 0.7368379897504429, 0.799713511438026, 0.9126271915019049, 0.723616703839577, 0.8220365564682721, 0.7686333860059051, 0.7500998766696453, 0.8246255113821347, 0.8787904444845153], [0.5821419066990297, 1.000001, 0.5761621991759931, 0.3488541101833069, 0.7645967184822001, 0.33323216751683554, 0.8658008032543261, 0.8477344228783588, 0.9349601925299972, 0.9257079322658707, 0.6909414349684134, 0.9704721143921127, 0.9991036200443607, 0.8199480787199814, 0.2802030759050779, 0.7999939028986078, 0.2822973468360967, 0.32788256671067273, 0.9576763450305128, 0.5298489133830337, 0.5465853409027425, 0.7327627782351995, 0.8969572176547458, 0.6146241166484622, 0.3157559929125692, 0.9959689650301075, 0.9363318820781638, 0.5630167476775262, 0.7032197666465738, 0.6053655946233132, 0.37942512428579517, 0.9806139473046142, 0.8772368031332877, 0.779708181808582, 0.8451365868102719, 0.7614086267846282, 0.6261710416856676, 0.2655343784572293, 0.48636794993302424, 0.38327514908057064, 0.26252839980474435, 0.2469403557737889, 0.7011124747413184, 0.5835153629878224, 0.41510876760132603, 0.3522110778538512, 0.4982276820106589, 0.42542761779856925, 0.7358463265372949, 0.8525810704226321, 0.8694696666820851, 0.9924234668342403, 0.3112525020660045, 0.952817351446433, 0.974819113657995, 0.3781737429859888, 0.6657815188426265, 0.24790867771342723, 0.3301427910893828, 0.966829184843529, 0.5397963906050472, 0.9073518458312823, 0.465948340274645, 0.3992687215848224, 0.9805072351633467, 0.46261359732907653, 0.9664741394905855, 0.5179199784771112, 0.9565946541946777, 0.9684938662236363, 0.4295317776021381, 0.9562013424058307, 0.2504477909107998, 0.6799588497618207, 0.970472114364521, 0.24976471281890025, 0.8653298161041012, 0.21595523062382607, 0.7893005258376646, 0.7943839670531481], [0.9986541637514551, 0.5761621991759931, 1.000001, 0.9161866834252055, 0.9340419628376714, 0.9078951049315437, 0.5770612315012182, 0.8762377162459537, 0.7874484671197528, 0.6422585045091569, 0.8533263481266389, 0.7211305303212532, 0.5948593016021617, 0.9152275110685018, 0.8541920435234454, 0.9263562053723421, 0.8635207126887611, 0.8913722096759997, 0.5895053773058064, 0.9710968607706338, 0.9684938660528118, 0.9151662194958884, 0.8401502541800406, 0.9950782808670263, 0.8944106784127315, 0.5999547765428568, 0.7872581452795435, 0.9481387651941964, 0.9758233793833412, 0.9666035993080185, 0.9080727799847323, 0.6632052899896577, 0.718437855693016, 0.8477344225168266, 0.7845081637775645, 0.900959838898466, 0.985320797047534, 0.8459116487396324, 0.9887291749050229, 0.9079359576815098, 0.8410307445009662, 0.8238837484620245, 0.8444656177144697, 0.9064265827062932, 0.9543869980620476, 0.9107192062201243, 0.9856270693739501, 0.952737590630274, 0.9562013421339708, 0.7556777447760993, 0.8401502541800406, 0.6506233522955008, 0.8885411553501288, 0.7590109952861629, 0.7119582727882352, 0.9237339340739433, 0.8829882244041928, 0.8179051317562074, 0.8829882236773928, 0.7199934821956202, 0.9393761480045408, 0.8270529769945912, 0.9805072351075927, 0.9543869980620476, 0.6956839860351911, 0.9810942956547193, 0.649993214335379, 0.991961445185011, 0.7083949101950285, 0.6352370483531977, 0.9593754616186655, 0.7358463264745319, 0.8153005877051922, 0.9262476441037127, 0.7155410587431995, 0.826847892780619, 0.7773082347881024, 0.7667824806487434, 0.8369325879152565, 0.8871141496091395], [0.9174213823767984, 0.3488541101833069, 0.9161866834252055, 1.000001, 0.7666115941106229, 0.998356379776942, 0.34327095961740023, 0.6476630714262405, 0.5546081648776459, 0.39705010801205404, 0.6451468245986549, 0.48279157257433264, 0.36319274031334214, 0.7082889152931701, 0.9448742666881934, 0.7222595479241063, 0.9853207968514368, 0.9964192980487987, 0.35152658933336667, 0.8785927559028016, 0.9262980466063405, 0.7124426928838412, 0.6056374128792075, 0.8973947087638358, 0.9747375105828036, 0.36531848810458845, 0.5459314125999198, 0.82077218163036, 0.828829911338292, 0.8885411562904624, 0.9808859105186319, 0.4190405828986771, 0.470312972020236, 0.6193241642179202, 0.5402733377044081, 0.6879200732024696, 0.8527345353714171, 0.9715694972559795, 0.9609559120589726, 0.8934986126583522, 0.9801984507026197, 0.9665226850513342, 0.6320067498151463, 0.7500998766696452, 0.9919780535348379, 0.9976086547028011, 0.9639803690189551, 0.9348193185337605, 0.7987224766581699, 0.5095132133461528, 0.6013029300286392, 0.4140541349630658, 0.9666035992511882, 0.5162399179962224, 0.47099557935636127, 0.9318424732251801, 0.6888096673202846, 0.9318424732251801, 0.9149593904185856, 0.4741778306450351, 0.8200004175004852, 0.5999547765428569, 0.9759867722903823, 0.983111654445824, 0.45599549810776807, 0.9748191130590287, 0.4047283748201754, 0.9318590504922328, 0.4597638695934443, 0.39154978105332133, 0.9879896939382755, 0.4886789439661222, 0.9170307411831135, 0.7413414743075535, 0.47991044379828435, 0.9717433633965824, 0.5308667404180223, 0.8867057934381001, 0.6052642479566098, 0.6649432359636387], [0.9437359305432933, 0.7645967184822001, 0.9340419628376714, 0.7666115941106229, 1.000001, 0.7455034003910607, 0.6739405454953, 0.9438149370208655, 0.9349601925299972, 0.7603106961097108, 0.8263289167763265, 0.8874158960605983, 0.7777036428796603, 0.9806139470163439, 0.6497076071184162, 0.9740237828569237, 0.6784130484337935, 0.7467791909069532, 0.7322361907783574, 0.8589614517777916, 0.9349601925034152, 0.9082752006551164, 0.9464229052245113, 0.961366269899379, 0.7064058916169409, 0.7752636230710568, 0.9197263722847178, 0.8496855929352066, 0.9879690171098708, 0.9639803689641409, 0.8044800550675213, 0.8199480775147837, 0.8021599715902029, 0.8680787386333545, 0.8451365868102719, 0.9106039006386335, 0.9282367276198306, 0.649649821761398, 0.8778364353783288, 0.7299159092521722, 0.653892009014255, 0.6261710416856678, 0.8236225639114023, 0.8197936505520969, 0.8341373890693613, 0.7739885756687347, 0.8992418444580319, 0.7958233483451524, 0.9974635607186607, 0.8226087851041688, 0.9174194618751476, 0.8298227003072762, 0.6963307306120406, 0.903017450508975, 0.875582367745244, 0.7464416824108754, 0.8401502542813202, 0.606527219659331, 0.687574630280845, 0.8684058149966686, 0.829350456490465, 0.9573907797272536, 0.8716231687826298, 0.8023077201772926, 0.8650726925886085, 0.8653850540345901, 0.7937931610561964, 0.8859267282553916, 0.8439753257732954, 0.7813449649997835, 0.8478124900758982, 0.8743664640142016, 0.6018726396460039, 0.8893039079628882, 0.8874158960353681, 0.6333328139585227, 0.8499835024615652, 0.5476015100628726, 0.8631737973703202, 0.9166421865158958], [0.9066732267894504, 0.33323216751683554, 0.9078951049315437, 0.998356379776942, 0.7455034003910607, 1.000001, 0.33735469380269295, 0.6349519454350309, 0.5350136229391883, 0.3877598433216918, 0.6454831090501851, 0.4643474521164309, 0.3477595904781508, 0.692307111610582, 0.9612696992952963, 0.7082889138571692, 0.9928597290872911, 0.992398543023504, 0.3409493974498648, 0.8816540863080472, 0.9080727799847322, 0.7072860840469769, 0.5895053758501163, 0.8842346230435907, 0.9851475942038161, 0.3507384466108451, 0.5291723678626903, 0.824625511804147, 0.8130275666364882, 0.8682031954329027, 0.9684938660528118, 0.40472837355744823, 0.46261359596913465, 0.6142974797928155, 0.5330159019335226, 0.6815145919474521, 0.8478124889294363, 0.9831116549584373, 0.9573907797272536, 0.9079359576815097, 0.9879896939382755, 0.9782935295904592, 0.6319591345039023, 0.7552081805398339, 0.9856270690262572, 0.9923985429651571, 0.9543869973887025, 0.9425634560022258, 0.7797546897113292, 0.5025206641976954, 0.5895053758501163, 0.3970501067281281, 0.9786826149008985, 0.49934724396268443, 0.45354566687254555, 0.9437833332875177, 0.6897834134633154, 0.9505627081479515, 0.9316835460606226, 0.458664414063811, 0.8258232288028918, 0.580315453843419, 0.9700365528212346, 0.9856270690262572, 0.4384456697395616, 0.9706173442412688, 0.3924296294736818, 0.930076295514407, 0.446456562282928, 0.37942512301424663, 0.9801984507026197, 0.4738231880093428, 0.937417144417064, 0.739282383187246, 0.4607483022027666, 0.981813204803214, 0.5224843231262231, 0.910490516195154, 0.5999937007851952, 0.656785910122218], [0.5670461686355017, 0.8658008032543261, 0.5770612315012182, 0.34327095961740023, 0.6739405454953, 0.33735469380269295, 1.000001, 0.8541920431348735, 0.8243770319064023, 0.9853043001578792, 0.8401502541800406, 0.853140636396705, 0.8817509623828919, 0.7833269210189445, 0.3294563693696067, 0.7863031141534597, 0.29730318707010167, 0.3112525018447722, 0.9708072940353885, 0.6042795411468376, 0.4816189066170525, 0.8130275666364882, 0.8533263481266389, 0.5869791689884947, 0.3507384466108451, 0.9037926303524507, 0.8723257551815403, 0.6647950444929068, 0.6630110004016206, 0.5272273515369381, 0.336728674549731, 0.9257079322658708, 0.9724879839850444, 0.886354202046587, 0.939700588156544, 0.836011771380735, 0.6672356976532359, 0.29039513561007935, 0.4980290842243522, 0.4733271339713113, 0.2742571410473668, 0.2678857021996235, 0.8520093896021103, 0.7199934821956204, 0.39976203264362964, 0.33394847008726936, 0.4780939608845323, 0.4875103438716287, 0.6677008657031378, 0.9556731769648894, 0.8909050244299641, 0.8698400451806079, 0.35221107657200534, 0.8784383138231844, 0.8724909912058392, 0.44638976037933875, 0.8035175832723886, 0.2947291211992467, 0.4051525350853989, 0.9064265827062933, 0.6497014886148089, 0.8089371868213848, 0.4602871292262315, 0.4218876968889665, 0.8689594002456935, 0.46555162014956253, 0.9551093235847642, 0.5494043295868545, 0.9388533473195692, 0.9565345959809499, 0.40958751049516917, 0.9137968495884613, 0.30596874607407554, 0.7771219901315912, 0.8374564699719007, 0.2659684726708205, 0.9439018521420344, 0.2717617219683382, 0.896723537806577, 0.8551624146446699], [0.8734885489966285, 0.8477344228783588, 0.8762377162459537, 0.6476630714262405, 0.9438149370208655, 0.6349519454350309, 0.8541920431348735, 1.000001, 0.9607266709540788, 0.9107192062201241, 0.9374171444170641, 0.9366787936460237, 0.8653850530170035, 0.9898927787884264, 0.5882206040107296, 0.9912361429889275, 0.5757824918482739, 0.6130625937505957, 0.8762377161961288, 0.8580720664094358, 0.8105131883535263, 0.9746273588267717, 0.991961445354227, 0.8913722098533994, 0.6292766814203568, 0.8743664640142016, 0.9761001423233474, 0.882942026187356, 0.9417855732726717, 0.8499843923519359, 0.6538920090142549, 0.9215172526859416, 0.9472502139752749, 0.9750282496574346, 0.9715694972559795, 0.983249516353534, 0.9230353371981991, 0.5583553392137673, 0.8046004449237587, 0.7201743249047518, 0.5465853409027426, 0.5300441142336614, 0.9393761481702295, 0.8901269260289156, 0.7174123987129126, 0.642258504509157, 0.7987224766581698, 0.7615807453446657, 0.9439956899461444, 0.9601799304081265, 0.9967227620292566, 0.8997162247263246, 0.6258959007866945, 0.9643728441578923, 0.9375427121783376, 0.7124426928838412, 0.9336696469526615, 0.5427853689089543, 0.6574735435551999, 0.9509656416342157, 0.8649278682386625, 0.9724147173342541, 0.7763084083668869, 0.7217193637785487, 0.927103882074802, 0.7777036442056621, 0.9172841115014877, 0.8401502540844946, 0.9502792641964434, 0.9077592594431583, 0.7298150950143951, 0.9609559120589726, 0.5488613105928408, 0.9517570827202918, 0.9283066652968242, 0.5313146710585601, 0.9736202479705482, 0.49805514279452007, 0.9747375105828036, 0.9915110518498116], [0.7949070016114278, 0.9349601925299972, 0.7874484671197528, 0.5546081648776459, 0.9349601925299972, 0.5350136229391883, 0.8243770319064023, 0.9607266709540788, 1.000001, 0.9029607558075493, 0.8164377716094242, 0.9925719819656076, 0.9430814149456714, 0.9613662696807164, 0.4601946608585216, 0.9472502145878924, 0.470312972020236, 0.5300441142336614, 0.8999563346253571, 0.7271919519628468, 0.7641392043296443, 0.8788538979905598, 0.9878139544914174, 0.8238837482980561, 0.5084746010155422, 0.940966975487254, 0.9943309297927577, 0.7464416817742076, 0.8931078792098552, 0.8163190280367412, 0.5905648776547698, 0.9613662691154921, 0.9039515292034053, 0.8870779458334558, 0.9107163466505415, 0.8967469959764723, 0.8200724997874886, 0.44689592961408764, 0.7018039216798955, 0.5715019806798618, 0.4451410539931335, 0.4229791004146841, 0.8210771377315167, 0.7475399221114725, 0.6306907255090707, 0.5592751594270334, 0.7174123985701343, 0.6272019226072904, 0.9168724219954474, 0.9027151212115837, 0.959837371150382, 0.9706173442412688, 0.5015225458201836, 0.9935955769358537, 0.9887291745000141, 0.5732179110916036, 0.8078679329857348, 0.41835709339588223, 0.5146439263518717, 0.9820937214008629, 0.7225203417589745, 0.9971703056863486, 0.6836595529135627, 0.6084425351554724, 0.9853455427047542, 0.6791730728022496, 0.9404708444172719, 0.728411250911064, 0.9644848648497774, 0.9340419618334527, 0.6465978827182454, 0.9806139470163439, 0.4192537442149699, 0.8384604702773314, 0.9919780535348379, 0.4275608898825221, 0.9236179468782649, 0.37168082009441555, 0.8899928075701463, 0.9184414772252036], [0.6362322559055564, 0.9257079322658707, 0.6422585045091569, 0.39705010801205404, 0.7603106961097108, 0.3877598433216918, 0.9853043001578792, 0.9107192062201241, 0.9029607558075493, 1.000001, 0.8548680571694022, 0.9261429711165196, 0.9393761480045408, 0.8548680571694021, 0.36400886783073455, 0.8527345364743992, 0.3404905354015379, 0.3652198744448336, 0.9915235025023552, 0.6476630714262404, 0.5596281675189895, 0.8529023084784063, 0.9196686295456561, 0.659789271234421, 0.3924296294736818, 0.9551093235847642, 0.9384820605297259, 0.6998605053882181, 0.739282383187246, 0.6098952737328532, 0.3997620326436297, 0.9747375110003811, 0.9869553496311564, 0.9124925479992088, 0.9622509442325962, 0.8762377161961288, 0.7222595493254322, 0.32960430140677766, 0.5572702291459934, 0.5045550692251644, 0.31607301857849124, 0.30596874720738776, 0.8653850540345901, 0.7424974730735928, 0.4607483035572252, 0.39045121244518016, 0.5451459063567868, 0.5300441142336614, 0.7498879783342572, 0.9724879839850444, 0.9397005889300247, 0.9358607175822842, 0.3919601312592671, 0.9442219267246744, 0.9403763732840669, 0.4840212840314609, 0.8242114217779429, 0.3265116566422064, 0.43693927581472164, 0.9638835360590399, 0.6815145933498626, 0.8884221508200958, 0.5224843245392912, 0.4733271353627478, 0.937417144417064, 0.5256210445686368, 0.9904688753379473, 0.6049128353516134, 0.9832495166051289, 0.9901735320959768, 0.47249971857826095, 0.968231417685186, 0.3356342663261219, 0.8130275666364882, 0.9140273269700752, 0.30541982532522455, 0.9700365533915565, 0.29730318817131657, 0.9215172533956153, 0.8979320071740756], [0.8355106496972872, 0.6909414349684134, 0.8533263481266389, 0.6451468245986549, 0.8263289167763265, 0.6454831090501851, 0.8401502541800406, 0.9374171444170641, 0.8164377716094242, 0.8548680571694022, 1.000001, 0.7865623388991969, 0.7155268316980351, 0.9037926303524507, 0.6612234418114228, 0.9236179475365387, 0.6052642482663614, 0.5990852698454634, 0.7906686408198145, 0.9086773248137322, 0.7310869865817836, 0.9839730937212698, 0.8906813097148725, 0.83846047092097, 0.6791730716363742, 0.7360519459778977, 0.8577847847580669, 0.948574419817572, 0.8680787386333547, 0.7548763415399387, 0.6069443482224847, 0.802159971590203, 0.9238344674518434, 0.9879690171098708, 0.9589238088845551, 0.9820567260445627, 0.9262476441037129, 0.6026030348784029, 0.8044320719418728, 0.8174191402763527, 0.573875097558147, 0.5713542868963427, 0.9997018147169242, 0.9759867722903823, 0.6977479467671279, 0.6246278938116088, 0.765788178788125, 0.8220365566552441, 0.8454868685971859, 0.948833526037197, 0.9388533473195692, 0.7465643225867674, 0.6836595515067383, 0.838411338577563, 0.7948704016419501, 0.7885550540833641, 0.997170305510466, 0.618221478824166, 0.7507005802250624, 0.830744524124988, 0.9426581481175212, 0.8373031258332254, 0.7614086267846283, 0.7452343117078689, 0.7794675274089575, 0.7719631972339667, 0.8207721821204069, 0.8541920435234452, 0.853326348126639, 0.8103139004683386, 0.7038934032753772, 0.8516109546726535, 0.634951945435031, 0.985320797047534, 0.7702557873540767, 0.5659086380743618, 0.9472502142715213, 0.5908300501157676, 0.985320797047534, 0.9738658138946555], [0.7279609162550453, 0.9704721143921127, 0.7211305303212532, 0.48279157257433264, 0.8874158960605983, 0.4643474521164309, 0.853140636396705, 0.9366787936460237, 0.9925719819656076, 0.9261429711165196, 0.7865623388991969, 1.000001, 0.9759867722903823, 0.9261875527001057, 0.39703556557388436, 0.909870483854286, 0.40335217483889513, 0.45866441543911024, 0.934138730079061, 0.6659487444078874, 0.6935513744359583, 0.8416593501533539, 0.9717433633965824, 0.7590109952861629, 0.4413137821619971, 0.9737985572439188, 0.9898927786195633, 0.6917806407414339, 0.8376396435503874, 0.7498024508395507, 0.5171677405307096, 0.983111654445824, 0.9107163466505415, 0.8648735642449861, 0.9039515292034053, 0.8639328545097177, 0.7622895486323958, 0.3821278135436176, 0.6313008295383481, 0.5095100131590299, 0.37949381731853066, 0.3595263859056566, 0.7933945531268184, 0.7011124730543398, 0.5572702291459933, 0.4868542347931476, 0.6453412817276881, 0.5608381651201351, 0.8650726925394182, 0.901370041849804, 0.9442219267246744, 0.9925719819656076, 0.4352799748372358, 0.9950782808670263, 0.999103619928808, 0.5080007403462532, 0.7713737287813007, 0.35772507822544286, 0.4520285431979573, 0.9923985429651571, 0.6676170279559935, 0.9809474975738153, 0.6113220565858605, 0.5376120137402951, 0.9986583438696832, 0.6073102875163128, 0.9646160771606282, 0.6611238127314409, 0.9775158216825277, 0.9608835138157958, 0.5730319949383031, 0.9879524758238862, 0.3595625032668285, 0.7958233467984535, 0.999401626842626, 0.3634208435910066, 0.9194954199089231, 0.31592355704569636, 0.8703071124583095, 0.8901269260289156], [0.5999547765428568, 0.9991036200443607, 0.5948593016021617, 0.36319274031334214, 0.7777036428796603, 0.3477595904781508, 0.8817509623828919, 0.8653850530170035, 0.9430814149456714, 0.9393761480045408, 0.7155268316980351, 0.9759867722903823, 1.000001, 0.8360117712143531, 0.2955849660764562, 0.8176201759597849, 0.2960158339078466, 0.3409493974498648, 0.9666035993080185, 0.5516464331725972, 0.5606157839304672, 0.7552081805398339, 0.9107192062201241, 0.6319187976590676, 0.33149980651856703, 0.9986541637514551, 0.9472977940058719, 0.586183670268998, 0.7199934821956204, 0.6190546235048261, 0.3919601312592671, 0.9879690169132466, 0.8955223166385512, 0.8021599709972367, 0.8653298153918361, 0.7833269205289836, 0.647272140407515, 0.2792722173192221, 0.5045550692251644, 0.40311630311621194, 0.2754498671023801, 0.25987061612137285, 0.7256268460145373, 0.607894593012066, 0.43036815676649487, 0.3658108094897906, 0.514697244624258, 0.44504790253387144, 0.7507005802250623, 0.8724334740025553, 0.8870473146900463, 0.9950907762292831, 0.3271631826757578, 0.9622509442325962, 0.9809474975738153, 0.39703556557388436, 0.6902931936558216, 0.2621429829102617, 0.3480621248173036, 0.9758233793833413, 0.563016747181301, 0.9174213823767983, 0.4827915725743326, 0.4164309431075553, 0.9854929989499192, 0.47991044364819535, 0.9760592864737305, 0.5376120123495306, 0.967810027785919, 0.9775158216825277, 0.4447895099276112, 0.9668291843319363, 0.26514565715563443, 0.7033036585440673, 0.9748191131421746, 0.2625283996853202, 0.8844178472497787, 0.22944996789195388, 0.81154433004161, 0.8153005877051922], [0.9172841115014876, 0.8199480787199814, 0.9152275110685018, 0.7082889152931701, 0.9806139470163439, 0.692307111610582, 0.7833269210189445, 0.9898927787884264, 0.9613662696807164, 0.8548680571694021, 0.9037926303524507, 0.9261875527001057, 0.8360117712143531, 1.000001, 0.6261710403235125, 0.9983563799207928, 0.6292766815634857, 0.6785124425115617, 0.822036556655244, 0.8740033025752363, 0.8743664637656084, 0.9612696992952964, 0.9854929989499193, 0.9349601925034151, 0.6739088114412017, 0.8401502541800406, 0.9639803689641409, 0.8844178478029706, 0.9755487362645686, 0.9098704829983693, 0.7258941729206251, 0.8875486971800002, 0.8955232542584423, 0.9429037971568042, 0.9295372712027121, 0.9668919121897283, 0.9407749898485963, 0.6073102877235118, 0.8494633406094301, 0.7387773948908036, 0.6013029301483096, 0.5803154554579063, 0.9035231326911272, 0.875252588579318, 0.778052844771195, 0.7074415266466035, 0.8539239330748016, 0.7906686408198145, 0.9801984507026197, 0.9126271919689529, 0.9761001423233474, 0.8790893597035863, 0.6678853473643857, 0.9495685402420148, 0.9215172525287423, 0.740964553233744, 0.9082752006551162, 0.5809108691706205, 0.6837776018478463, 0.926356205372342, 0.8653298161041011, 0.9782935289931369, 0.829450265930922, 0.7687942666029208, 0.9107192062201241, 0.8279621942906116, 0.8734885489966286, 0.8743664637656084, 0.9152275110685019, 0.862358555236773, 0.7910369065268521, 0.9349601925299972, 0.5828654335354427, 0.9403763730076251, 0.9212116223442566, 0.5837993628817008, 0.9326228788107306, 0.529848913383034, 0.9403763730076251, 0.9738658138946555], [0.8408758658177512, 0.2802030759050779, 0.8541920435234454, 0.9448742666881934, 0.6497076071184162, 0.9612696992952963, 0.3294563693696067, 0.5882206040107296, 0.4601946608585216, 0.36400886783073455, 0.6612234418114228, 0.39703556557388436, 0.2955849660764562, 0.6261710403235125, 1.000001, 0.650671011259686, 0.9775158220160315, 0.9236179474822357, 0.3110060442268855, 0.8870176118637455, 0.8018268008404568, 0.692307111610582, 0.5287561217784622, 0.8103139004683386, 0.9934417107345684, 0.30243033521853724, 0.46787874597078377, 0.8416602310072926, 0.7362121692033001, 0.7593279649350072, 0.8675084668742538, 0.3574343407001926, 0.4458557048960355, 0.6056374128792075, 0.5167809453289043, 0.6623127243831451, 0.8199480775147837, 0.9878139547160956, 0.9159604538120725, 0.9593754616186654, 0.970386814109524, 0.9806139473046143, 0.6465978812736379, 0.7857281845549219, 0.9184414773415748, 0.9214169714847839, 0.8829882236773928, 0.9573907797272537, 0.6910368793558801, 0.48838653160347906, 0.5494043295868545, 0.33747473996913563, 0.9964192980487987, 0.43835208472996046, 0.391064556426437, 0.9759867722903823, 0.7057497896988792, 0.9971703056863486, 0.9856270693739501, 0.40506097005526204, 0.8520093883530785, 0.5033553502063932, 0.9126271913250705, 0.9634902514784914, 0.37579029276259796, 0.9219609347636594, 0.35454735839623286, 0.9037954679766023, 0.40335217502238, 0.34238952470962997, 0.9079359576815097, 0.42297909912151826, 0.996419297935481, 0.7367277390000702, 0.3902032849093987, 0.9747619912592574, 0.5011437807190248, 0.9853207971410909, 0.590830048673604, 0.6306907241884409], [0.9259404442142919, 0.7999939028986078, 0.9263562053723421, 0.7222595479241063, 0.9740237828569237, 0.7082889138571692, 0.7863031141534597, 0.9912361429889275, 0.9472502145878924, 0.8527345364743992, 0.9236179475365387, 0.909870483854286, 0.8176201759597849, 0.9983563799207928, 0.650671011259686, 1.000001, 0.6476630699792534, 0.6902382988181721, 0.8143669285665986, 0.8958203615892751, 0.8755090726119029, 0.9747375109430725, 0.9797739034719551, 0.9409669755942655, 0.695683984644525, 0.8238837484620244, 0.9543869980620475, 0.9075882936952884, 0.9774309252402548, 0.9080727791838958, 0.732063809449802, 0.8755823688263004, 0.899716225572689, 0.955268248578056, 0.9366787942518042, 0.9783907858720539, 0.955364216252585, 0.6276779321478052, 0.8644256956077785, 0.7667824795216908, 0.6190546235048263, 0.5999547765428569, 0.9227919660978666, 0.9000740584356429, 0.7896177502517278, 0.7188093342012383, 0.8635207126887611, 0.8142817145394847, 0.9774022872147656, 0.9193674603854752, 0.9774309256999901, 0.8610303600392769, 0.6907050482282698, 0.938155096373192, 0.90636872609293, 0.7665217516281136, 0.9290267506428452, 0.6052642482663614, 0.7111786764015647, 0.9152275110685018, 0.8901269260289155, 0.9665226850513342, 0.8420381490845458, 0.7872581452795437, 0.8944106793592768, 0.8420381490845458, 0.8650726936583595, 0.8913722086802628, 0.9077592603780216, 0.8535406804973987, 0.801596095232833, 0.9259404450853256, 0.6085756150082512, 0.9578356967116834, 0.9033586374036988, 0.602473780056203, 0.9375427125199327, 0.5557061165248861, 0.9521395998492446, 0.982506937108431], [0.8592671095478935, 0.2822973468360967, 0.8635207126887611, 0.9853207968514368, 0.6784130484337935, 0.9928597290872911, 0.29730318707010167, 0.5757824918482739, 0.470312972020236, 0.3404905354015379, 0.6052642482663614, 0.40335217483889513, 0.2960158339078466, 0.6292766815634857, 0.9775158220160315, 0.6476630699792534, 1.000001, 0.979424353444859, 0.29477322719827886, 0.8527345353714171, 0.8554362856956238, 0.6584588000491302, 0.5269598449315058, 0.8320181664106687, 0.9898927786195633, 0.29962558040733084, 0.4674148375769052, 0.7937931610561964, 0.753240617748872, 0.8091403701181339, 0.9388533473195692, 0.35073844661084513, 0.4140541349630657, 0.5657896220361549, 0.48279157257433264, 0.6306907240629218, 0.8035175832723886, 0.9973111825423355, 0.9259404442142919, 0.9058481805152975, 0.9986583438696832, 0.9959773028067876, 0.5911708060283509, 0.7243894669643588, 0.9589238083207668, 0.9747619906678568, 0.9153328649954712, 0.9292134223796332, 0.7155410587431997, 0.4535456682324963, 0.5320306958173799, 0.3408049329016396, 0.985753937279537, 0.43844566973956145, 0.39397257749686465, 0.9404708447648756, 0.6506710126368824, 0.9747375110003811, 0.9395707991928969, 0.40081087589539416, 0.7987550718460049, 0.5144161768224982, 0.9381550956009835, 0.9704721137939429, 0.37949381731853077, 0.9409669755942656, 0.34130671763501785, 0.8973947087128076, 0.3915497810978504, 0.3292099654986608, 0.9502315344422311, 0.41604155380694435, 0.9624170998716911, 0.6956839860351912, 0.39926872031719685, 0.9971703056863486, 0.4709955792626244, 0.9448742668548519, 0.5512984585658233, 0.6034662798532654], [0.8957847416915156, 0.32788256671067273, 0.8913722096759997, 0.9964192980487987, 0.7467791909069532, 0.992398543023504, 0.3112525018447722, 0.6130625937505957, 0.5300441142336614, 0.3652198744448336, 0.5990852698454634, 0.45866441543911024, 0.3409493974498648, 0.6785124425115617, 0.9236179474822357, 0.6902382988181721, 0.979424353444859, 1.000001, 0.32373856102014587, 0.8405899440750491, 0.919726373149906, 0.6711430993519073, 0.5753518580400597, 0.8762377161961288, 0.957390779632027, 0.3417155421187494, 0.5173999565796045, 0.7777988642666225, 0.8044800550675211, 0.8790893609372362, 0.9879690171098708, 0.39196013122583534, 0.433635597624809, 0.5771850339829402, 0.5011201839653928, 0.6472721400762657, 0.8178229715267894, 0.9622892077649203, 0.9393928592581859, 0.8558427778934484, 0.9778299001075319, 0.9607266709540788, 0.586183670268998, 0.7032212378638245, 0.9849033063365636, 0.9988077923658785, 0.950279264142408, 0.9029607558075493, 0.7771219914566013, 0.4708989897876245, 0.5657896220361549, 0.39102281922045623, 0.9471312748585, 0.48867894396612216, 0.44585570489603543, 0.9000740588589936, 0.6426928099410505, 0.9130513061188988, 0.8826981427559704, 0.4461894146347528, 0.7761345842877898, 0.5747495118069242, 0.9609559120589727, 0.9644848648497774, 0.43165807526230837, 0.957511007392001, 0.37586501555135504, 0.903358637069812, 0.42953177751665333, 0.36319274023073383, 0.9809474975738153, 0.45928253450933604, 0.8942497124569735, 0.698357877796996, 0.4570201619639115, 0.968231417685186, 0.4929871398776083, 0.8646672442879692, 0.5634092589392741, 0.6256581995628495], [0.5866015420096519, 0.9576763450305128, 0.5895053773058064, 0.35152658933336667, 0.7322361907783574, 0.3409493974498648, 0.9708072940353885, 0.8762377161961288, 0.8999563346253571, 0.9915235025023552, 0.7906686408198145, 0.934138730079061, 0.9666035993080185, 0.822036556655244, 0.3110060442268855, 0.8143669285665986, 0.29477322719827886, 0.32373856102014587, 1.000001, 0.5821419065335195, 0.5207954516074879, 0.7969316977800472, 0.8992418444580317, 0.6130625937505956, 0.33993054257580785, 0.9783907862058562, 0.9292134231444817, 0.6313008295383482, 0.6978735415248608, 0.5738750975581469, 0.3615224634954281, 0.9831116549584372, 0.9589238088845551, 0.8610303600392769, 0.9238344674518434, 0.8238837482980561, 0.6639003407250325, 0.2829698905525724, 0.5027210529369501, 0.43859526415201927, 0.27273945819780293, 0.2618194956694876, 0.8023077201772925, 0.6711430993519073, 0.414054136277633, 0.3477595916844725, 0.4969618775738708, 0.46741483895096125, 0.7155410587431995, 0.936725842544896, 0.9078951058923593, 0.955268248578056, 0.33850925876332033, 0.940774989554375, 0.9479195254698286, 0.4218876968889665, 0.758010906849611, 0.2765649996043799, 0.3758768145119959, 0.9643728446681851, 0.6114544892379884, 0.8778364350039591, 0.47191269772920225, 0.41904058421716184, 0.9486121395640261, 0.4733271353627477, 0.993900261274419, 0.5463400260303543, 0.9787481604246967, 0.9959773028067876, 0.426266264189537, 0.9635265482045984, 0.28369479443998663, 0.7508773498622136, 0.9246817015586163, 0.2621331086518102, 0.9363318818918163, 0.24838568441454265, 0.8716231685100352, 0.8508627245056744], [0.9576763445676382, 0.5298489133830337, 0.9710968607706338, 0.8785927559028016, 0.8589614517777916, 0.8816540863080472, 0.6042795411468376, 0.8580720664094358, 0.7271919519628468, 0.6476630714262404, 0.9086773248137322, 0.6659487444078874, 0.5516464331725972, 0.8740033025752363, 0.8870176118637455, 0.8958203615892751, 0.8527345353714171, 0.8405899440750491, 0.5821419065335195, 1.000001, 0.886920156693083, 0.9345405697599048, 0.802307719045194, 0.9462842657081195, 0.9057240142420158, 0.5634092592916794, 0.7455244632617416, 0.9928597290872911, 0.9240935841885762, 0.8814880372743973, 0.8315881809300634, 0.6333328125807876, 0.7367277389791239, 0.8766311600832484, 0.8044800550675211, 0.9161866835033503, 0.9853207968514368, 0.8494633404645224, 0.968231417685186, 0.9668291843319364, 0.8270529769945913, 0.8238837482980563, 0.8992418435063736, 0.9692745384087718, 0.9075882943356157, 0.8588347250616103, 0.9372964977106257, 0.9810942956547193, 0.8904623103132122, 0.7781692798145962, 0.8296559956386549, 0.6008368614633728, 0.9073518448194472, 0.7157694654984279, 0.6630110004016203, 0.963259397944873, 0.9363318820781638, 0.8529023084784064, 0.9363318813074559, 0.6846883473534079, 0.991961445185011, 0.7669726666037333, 0.9442219267246744, 0.9464229058922377, 0.6451468245986548, 0.952737590630274, 0.6338565882821376, 0.9878139545418634, 0.6879200734762874, 0.6194667564818869, 0.9085175941060234, 0.705652312562771, 0.8609402644065451, 0.9578206631793302, 0.6552729038205873, 0.8199480787199817, 0.790445281735374, 0.8199480787199817, 0.8654611231633262, 0.8945791621406876], [0.9794243537511678, 0.5465853409027425, 0.9684938660528118, 0.9262980466063405, 0.9349601925034152, 0.9080727799847322, 0.4816189066170525, 0.8105131883535263, 0.7641392043296443, 0.5596281675189895, 0.7310869865817836, 0.6935513744359583, 0.5606157839304672, 0.8743664637656084, 0.8018268008404568, 0.8755090726119029, 0.8554362856956238, 0.919726373149906, 0.5207954516074879, 0.886920156693083, 1.000001, 0.8205489049701942, 0.792650191353681, 0.9806139470163439, 0.8578781406950989, 0.5583553377693413, 0.7436568304642591, 0.845486868597186, 0.955364216252585, 0.9950907762292831, 0.9579640003462558, 0.6113220551481813, 0.6222473703135132, 0.7425790581078866, 0.6855780667067038, 0.8083051069702175, 0.9184414773415748, 0.825540699168788, 0.9598373715870118, 0.8149184676367427, 0.8396545602226124, 0.8103139015164512, 0.7222021097897028, 0.7858885296423679, 0.9643728446681851, 0.9363318820781638, 0.9853043003316687, 0.8826981427559702, 0.948574419817572, 0.6552729038205874, 0.7665217516281136, 0.6201672318284825, 0.8451365868102722, 0.717412397320991, 0.6778020941680508, 0.8496855929352066, 0.7637650778995365, 0.7686695817610159, 0.8030065295160298, 0.6712414270818781, 0.8321705415447115, 0.8035175832723888, 0.9714129430730337, 0.9248016925064181, 0.6639003392808018, 0.9638835360590399, 0.5856735487230301, 0.9419008838206482, 0.6455803807629358, 0.5713542854854733, 0.9717433636176054, 0.6815145921605914, 0.7552982757958308, 0.8245254206978266, 0.6939666254367329, 0.8200724997874886, 0.6837776013618302, 0.7052536847648404, 0.7318064625018902, 0.7997135119609734], [0.9041407321099965, 0.7327627782351995, 0.9151662194958884, 0.7124426928838412, 0.9082752006551164, 0.7072860840469769, 0.8130275666364882, 0.9746273588267717, 0.8788538979905598, 0.8529023084784063, 0.9839730937212698, 0.8416593501533539, 0.7552081805398339, 0.9612696992952964, 0.692307111610582, 0.9747375109430725, 0.6584588000491302, 0.6711430993519073, 0.7969316977800472, 0.9345405697599048, 0.8205489049701942, 1.000001, 0.939446925842927, 0.9106048539955403, 0.7222595479651758, 0.7699278111160108, 0.9058481805152975, 0.9593754616186654, 0.9388533473195693, 0.8457434804522698, 0.6910368793558802, 0.8330592326413704, 0.9172841114754081, 0.9879896938540061, 0.9578206631793302, 0.9986583438980763, 0.9669930954056607, 0.6485358945231584, 0.8637403171310604, 0.829655995638655, 0.6276779321478053, 0.618221478824166, 0.9825069369351348, 0.9678100277859191, 0.77